1
0.998627
0.997703
0.996638
0.994968
0.994964
0.994208
0.993455
0.992547
0.991676
0.990441
0.989116
0.989005
0.989005
0.988693
0.98844
0.98767
0.987206
0.985929
0.984705
0.983813
0.983768
0.981945
0.981345
0.979796
0.978711
0.977734
0.976668
0.97631
0.97538
0.97538
0.973818
0.972602
0.971718
0.971068
0.969597
0.96909
0.96909
0.968464
0.967395
0.966394
0.966006
0.965707
0.964204
0.962898
0.961502
0.960962
0.960101
0.959569
0.958295
0.957314
0.957314
0.956943
0.955862
0.954587
0.954573
0.954147
0.954147
0.954043
0.954043
0.953215
0.952974
0.951039
0.950577
0.949996
0.948802
0.947447
0.946563
0.945386
0.945386
0.945386
0.944656
0.944656
0.94419
0.942804
0.942514
0.941534
0.940219
0.938727
0.937606
0.93726
0.936576
0.936456
0.934735
0.934314
0.933584
0.932717
0.932022
0.93064
0.93064
0.93053
0.929544
0.929544
0.927684
0.926746
0.925626
0.925263
0.923995
0.923522
0.923522
0.922191
0.922058
0.921665
0.92072
0.92072
0.920163
0.919278
0.918377
0.917185
0.915406
0.913942
0.913942
0.912469
0.9106
0.909745
0.908878
0.907332
0.906625
0.906043
0.90457
0.903605
0.903605
0.902724
0.902724
0.902724
0.901558
0.900406
0.899481
0.898887
0.898331
0.898331
0.897713
0.89698
0.896218
0.896105
0.896105
0.896105
0.895241
0.895127
0.895127
0.893623
0.893382
0.891774
0.891774
0.891774
0.89087
0.89087
0.89087
0.890814
0.888895
0.887747
0.887747
0.887747
0.88745
0.886271
0.886271
0.885177
0.883843
0.883437
0.88199
0.880066
0.879993
0.879993
0.878983
0.878983
0.878684
0.878627
0.878056
0.877199
0.877199
0.875821
0.874605
0.873546
0.87189
0.870527
0.869763
0.867977
0.86683
0.866151
0.865546
0.865501
0.865501
0.863707
0.862604
0.861648
0.861032
0.860312
0.8602
0.859114
0.859114
0.85721
0.855961
0.854744
0.853128
0.852438
0.852438
0.851539
0.851343
0.850232
0.848628
0.847822
0.847822
0.845913
0.845913
0.844083
0.842942
0.842765
0.842009
0.8413
0.840663
0.839563
0.838276
0.837663
0.836171
0.835495
0.835075
0.834058
0.832318
0.831476
0.830901
0.830376
0.830376
0.829778
0.828358
0.827697
0.826675
0.825265
0.824042
0.822952
0.822952
0.821764
0.820533
0.820533
0.820533
0.820533
0.81921
0.818453
0.818071
0.818071
0.816554
0.815345
0.813699
0.812468
0.812468
0.81114
0.81074
0.809943
0.807988
0.807032
0.806932
0.806932
0.805876
0.805069
0.804696
0.80303
0.802123
0.800647
0.799621
0.799092
0.799075
0.798364
0.797789
0.796459
0.796365
0.795766
0.795766
0.795007
0.793064
0.791606
0.790596
0.790596
0.790442
0.790067
0.789093
0.788842
0.788625
0.787965
0.786491
0.786491
0.785802
0.78478
0.783492
0.783179
0.782122
0.781371
0.780951
0.780951
0.780445
0.779582
0.779582
0.778512
0.778512
0.777131
0.776535
0.77615
0.776127
0.776127
0.774896
0.774896
0.773317
0.772988
0.772988
0.772988
0.772425
0.771703
0.770906
0.770375
0.768962
0.767859
0.767859
0.767113
0.766468
0.766468
0.765978
0.764035
0.763095
0.762737
0.76208
0.761528
0.760713
0.760556
0.759423
0.758174
0.75688
0.75688
0.756334
0.756334
0.756334
0.756095
0.754137
0.753121
0.752605
0.752384
0.751805
0.751805
0.751053
0.750241
0.748782
0.748544
0.74747
0.746553
0.745641
0.745185
0.744999
0.743952
0.743076
0.743076
0.742902
0.742902
0.742224
0.742224
0.740744
0.739097
0.739097
0.737645
0.735741
0.734681
0.734351
0.734216
0.734216
0.734216
0.732924
0.731941
0.731321
0.729822
0.729081
0.727951
0.7271
0.726706
0.725135
0.723899
0.723348
0.723348
0.721474
0.719736
0.719736
0.719699
0.719699
0.71855
0.717802
0.715641
0.71487
0.71423
0.712892
0.711857
0.711275
0.71123
0.710591
0.710276
0.710276
0.709896
0.708439
0.708008
0.708008
0.706586
0.706586
0.705825
0.705358
0.70531
0.704076
0.70341
0.702447
0.701843
0.70135
0.700546
0.699202
0.698011
0.697213
0.696331
0.696331
0.696044
0.696044
0.695496
0.694172
0.694172
0.692896
0.692743
0.691737
0.691675
0.690773
0.690137
0.689761
0.689528
0.688785
0.687964
0.687077
0.686343
0.685323
0.684836
0.6844
0.683762
0.682804
0.681751
0.680456
0.679687
0.677842
0.676994
0.676805
0.676232
0.675436
0.674125
0.674125
0.674125
0.67319
0.67165
0.670603
0.669043
0.667716
0.667299
0.667074
0.665118
0.664451
0.663172
0.663172
0.662679
0.661072
0.661072
0.661072
0.659569
0.658412
0.657278
0.656103
0.655942
0.654806
0.654806
0.654394
0.654394
0.653666
0.653202
0.653202
0.652315
0.650289
0.649224
0.64856
0.64856
0.648413
0.646837
0.645815
0.644063
0.64386
0.643199
0.641715
0.639757
0.639757
0.63951
0.638861
0.63721
0.637013
0.636948
0.636513
0.635631
0.634816
0.634134
0.633386
0.632283
0.632283
0.631584
0.630935
0.630945
0.630045
0.630045
0.628478
0.626866
0.625472
0.625472
0.624792
0.623996
0.623996
0.624015
0.624033
0.623366
0.623002
0.62192
0.621221
0.621221
0.620187
0.619186
0.617392
0.617392
0.615562
0.613964
0.613964
0.613075
0.613075
0.611815
0.610207
0.609543
0.608793
0.608793
0.607431
0.605853
0.605184
0.605099
0.604521
0.60355
0.60355
0.603006
0.601993
0.60135
0.600206
0.598649
0.598242
0.597265
0.596265
0.596265
0.595037
0.594238
0.592946
0.592769
0.592097
0.592097
0.59105
0.590304
0.590086
0.589346
0.588344
0.586827
0.585098
0.584183
0.582879
0.581782
0.581404
0.581363
0.579974
0.57941
0.579225
0.578613
0.577438
0.576067
0.576067
0.575953
0.574531
0.572993
0.572087
0.571376
0.570176
0.569202
0.568067
0.566835
0.565701
0.564626
0.564218
0.563984
0.563984
0.563569
0.562292
0.562292
0.561039
0.559676
0.558562
0.556701
0.554899
0.554899
0.554899
0.553957
0.552733
0.552079
0.551344
0.551344
0.551356
0.551249
0.549746
0.547829
0.546387
0.545901
0.544402
0.544402
0.542547
0.542571
0.541357
0.540109
0.539624
0.538125
0.537558
0.537565
0.536444
0.535148
0.534767
0.53374
0.533142
0.532591
0.532441
0.53229
0.53229
0.53229
0.532093
0.53146
0.53107
0.53107
0.53007
0.528775
0.528337
0.527063
0.526272
0.525419
0.523908
0.523944
0.522889
0.522889
0.522889
0.522889
0.522889
0.522841
0.521437
0.521319
0.520522
0.519638
0.518427
0.516648
0.515357
0.514115
0.514115
0.513616
0.513346
0.513221
0.512781
0.511741
0.511766
0.511347
0.510032
0.508911
0.507694
0.507038
0.50584
0.505138
0.50352
0.50352
0.501922
0.500875
0.500083
0.500113
0.49935
0.49935
0.498693
0.498253
0.497175
0.496296
0.496143
0.49528
0.493805
0.492771
0.492345
0.491354
0.491354
0.490044
0.489983
0.489983
0.489983
0.489314
0.488786
0.48762
0.486972
0.486109
0.484676
0.484214
0.483237
0.481746
0.480081
0.479772
0.478253
0.478253
0.478278
0.4771
0.476117
0.476117
0.475289
0.474894
0.474283
0.474317
0.474317
0.473446
0.473126
0.471886
0.471721
0.471721
0.471439
0.471176
0.470344
0.470344
0.469435
0.467767
0.466855
0.465695
0.463736
0.463736
0.463736
0.462729
0.461772
0.460441
0.459778
0.458739
0.457995
0.45714
0.45714
0.456544
0.455262
0.454545
0.453406
0.452988
0.451608
0.451008
0.451008
0.449251
0.448252
0.44723
0.44723
0.44723
0.446591
0.445021
0.444203
0.442949
0.441787
0.441598
0.44077
0.44067
0.44067
0.438957
0.43793
0.436982
0.43636
0.43497
0.43499
0.433357
0.431842
0.430861
0.430861
0.429828
0.429828
0.428429
0.428094
0.427847
0.427847
0.42719
0.42546
0.424862
0.424394
0.423491
0.422689
0.421624
0.419788
0.419404
0.418515
0.418161
0.416482
0.415276
0.41493
0.413369
0.413119
0.413119
0.412269
0.411226
0.410388
0.410388
0.409904
0.409145
0.408734
0.407841
0.406766
0.406182
0.405091
0.404536
0.404536
0.404536
0.403253
0.403253
0.4023
0.402337
0.402366
0.401614
0.401424
0.400526
0.399596
0.399138
0.398505
0.398505
0.396849
0.396022
0.3949
0.394655
0.393197
0.391851
0.391235
0.389986
0.388823
0.387331
0.3857
0.38461
0.382825
0.382448
0.381981
0.381004
0.381004
0.37931
0.378993
0.378551
0.377443
0.377443
0.376198
0.375407
0.373628
0.373628
0.372996
0.372493
0.371171
0.370455
0.370022
0.369274
0.367958
0.366836
0.365989
0.363944
0.363308
0.363308
0.362831
0.362039
0.362059
0.361264
0.361264
0.361284
0.360513
0.360513
0.359755
0.357842
0.357208
0.357208
0.355601
0.354231
0.352665
0.352188
0.351791
0.349832
0.348591
0.348641
0.347716
0.347185
0.346606
0.346058
0.344548
0.343821
0.342819
0.342819
0.341175
0.340485
0.33924
0.33882
0.338689
0.337529
0.336758
0.336467
0.335556
0.335296
0.334679
0.333433
0.332214
0.33081
0.330466
0.328988
0.328285
0.327329
0.32614
0.324244
0.322751
0.322468
0.322468
0.320863
0.320863
0.320445
0.31953
0.31864
0.316682
0.31623
0.315169
0.314164
0.314164
0.314025
0.313279
0.311806
0.311128
0.311146
0.310235
0.309439
0.308643
0.307893
0.307041
0.306866
0.306327
0.30561
0.304328
0.304048
0.303657
0.303455
0.303241
0.302271
0.30134
0.301027
0.300032
0.299889
0.298151
0.298151
0.297332
0.296819
0.296389
0.295255
0.294571
0.293409
0.293138
0.293138
0.293138
0.293138
0.291742
0.290328
0.289674
0.28973
0.288961
0.287925
0.285991
0.285827
0.285345
0.284909
0.283878
0.283054
0.281507
0.27991
0.278885
0.277365
0.277365
0.276128
0.275266
0.275127
0.275127
0.275147
0.274041
0.272834
0.272478
0.271435
0.270094
0.26858
0.267793
0.266797
0.265626
0.265626
0.265026
0.264502
0.264107
0.263024
0.261931
0.260925
0.260925
0.260657
0.258934
0.25776
0.256514
0.256271
0.255115
0.253212
0.251339
0.250883
0.249304
0.249431
0.249431
0.247911
0.247911
0.246933
0.246997
0.246997
0.246575
0.245935
0.244707
0.244707
0.242881
0.242881
0.241866
0.240867
0.240374
0.240077
0.238722
0.237169
0.236212
0.235924
0.235953
0.235953
0.23514
0.233425
0.23326
0.23209
0.231165
0.230157
0.22937
0.228528
0.228528
0.228226
0.227498
0.226581
0.225576
0.224807
0.2231
0.222438
0.221183
0.220366
0.219458
0.219458
0.219458
0.218456
0.216894
0.215687
0.214931
0.214957
0.214453
0.213954
0.212068
0.211263
0.2097
0.2097
0.209092
0.207975
0.206916
0.205261
0.205261
0.204434
0.20364
0.203006
0.202651
0.20128
0.20128
0.199324
0.198966
0.197538
0.19731
0.196582
0.196582
0.195612
0.195612
0.195612
0.195282
0.194458
0.193866
0.192586
0.190684
0.188992
0.188808
0.188423
0.188423
0.188086
0.187278
0.187298
0.186528
0.184975
0.184598
0.184062
0.183102
0.181886
0.180305
0.179843
0.179045
0.177522
0.176864
0.176312
0.176014
0.174939
0.173428
0.173449
0.172433
0.171442
0.169757
0.168904
0.168904
0.168196
0.166502
0.165456
0.164909
0.163407
0.162666
0.161962
0.161467
0.16115
0.160807
0.159312
0.159334
0.158883
0.157357
0.157563
0.157578
0.157578
0.156333
0.156333
0.156333
0.155666
0.155666
0.15423
0.154223
0.153671
0.153252
0.152542
0.152542
0.151124
0.150708
0.150708
0.150115
0.148574
0.147348
0.146581
0.145753
0.14499
0.144004
0.143603
0.142359
0.141563
0.141563
0.140944
0.140457
0.140457
0.139568
0.138436
0.137328
0.136744
0.136711
0.135341
0.135341
0.134276
0.133952
0.133191
0.133247
0.131986
0.130662
0.130662
0.129318
0.128277
0.127286
0.127555
0.127555
0.127586
0.126189
0.125362
0.123495
0.121588
0.120111
0.120111
0.118152
0.117511
0.11669
0.115116
0.114728
0.113794
0.112917
0.112917
0.111423
0.110668
0.109392
0.107715
0.107715
0.106682
0.105836
0.105158
0.104313
0.104242
0.103392
0.102068
0.102235
0.101472
0.101837
0.101379
0.0996997
0.0981135
0.0981135
0.096255
0.0951553
0.0941387
0.092923
0.0912907
0.0901617
0.0892757
0.0875278
0.0875278
0.0864141
0.0858266
0.0845234
0.0827503
0.0821276
0.0808882
0.0808882
0.0808882
0.0800906
0.0800906
0.0794912
0.0789981
0.0780936
0.0771491
0.0757621
0.075045
0.0737829
0.0728537
0.0728537
0.0720108
0.0720108
0.0712006
0.0712006
0.0699935
0.069289
0.069289
0.0695606
0.0689616
0.0679557
0.0669557
0.0660267
0.0645678
0.0638343
0.0638343
0.0638343
0.0625864
0.0615846
0.0607354
0.0591783
0.0573487
0.0573487
0.0560512
0.0552925
0.0552925
0.0539355
0.0539355
0.053162
0.0522644
0.0504814
0.0495831
0.0495831
0.0495831
0.0495831
0.0478436
0.0478436
0.0461109
0.0451055
0.0434647
0.0434647
0.0434647
0.0434647
0.04223
0.04223
0.04223
0.0410394
0.0410394
0.0394257
0.0394257
0.0375821
0.0357599
0.0357867
0.0357867
0.0344811
0.0329829
0.0329829
0.0314045
0.0297738
0.0297738
0.0297738
0.0297997
0.0297997
0.0297997
0.0282466
0.0282466
0.0282466
0.0289614
0.0289614
0.0272456
0.0272456
0.0272456
0.0272456
0.0282348
0.0282348
0.0282348
0.0282348
0.0285064
0.0270348
0.0254227
0.0261353
0.0259095
0.0259095
0.0259095
0.0259316
0.0259316
0.0259316
0.0259316
0.0263248
0.0263248
0.0263248
0.0263744
0.0263744
0.0263744
0.0263744
0.0272119
0.0272667
0.0272667
0.0272667
0.0272667
0.0272667
0.0272667
0.0272667
0.0272667
0.0257132
0.0257132
0.0257132
0.0257132
0.0257132
0.0257132
0.0257132
0.0261847
0.0261847
0.0261847
0.0262176
0.0262176
0.0262176
0.0262176
0.0262176
0.024591
0.024591
0.024591
0.024591
0.024591
0.024591
0.0227882
0.0227882
0.0227882
0.0227882
0.0227882
0.0227882
0.0227882
0.0228458
0.0228458
0.0228802
0.0210213
0.0214207
0.021569
0.0197063
0.0197063
0.0197063
0.0197063
0.0197063
0.0197063
0.0197063
0.0197063
0.0197063
0.0203478
0.0203478
0.0210257
0.0210257
0.0220711
0.0220711
0.0235475
0.0235475
0.0235475
0.0243637
0.0224279
0.0224861
0.0224861
0.0224861
0.0224861
0.0224861
0.0224861
0.0224861
0.0224861
0.0205511
0.0218029
0.0218029
0.0218029
0.0218029
0.0218029
0.0218029
0.0218029
0.0218029
0.0218029
0.0218314
0.0218314
0.0218314
0.0218314
0.0218314
0.0218314
0.0218314
0.0218314
0.0198848
0.0198848
0.0198848
0.0199624
0.0199966
0.0210346
0.0210346
0.0210346
0.0210346
0.0210346
0.0210346
0.0210346
0.0210346
0.0210346
0.0210346
0.0210346
0.0223925
0.0223925
0.0223925
0.0223925
0.0223925
0.0223925
0.0223925
0.0223925
0.0223925
0.0223925
0.0223925
0.0223925
0.0223925
0.0223925
0.0223925
0.0229936
0.0229936
0.0229936
0.0228741
0.0238908
0.0238908
0.0220981
0.0220981
0.0220981
0.0220981
0.0220981
0.0220981
0.0221304
0.0220236
0.0220236
0.0220236
0.0226461
0.0226461
0.0231845
0.0231845
0.0231845
0.0231845
0.0242106
0.0242106
0.0242106
0.0242106
0.0225784
0.0225784
0.0225784
0.0225784
0.0225784
0.0225784
0.0225784
0.0225784
0.0225784
0.0225784
0.0225784
0.0225784
0.0225784
0.0225784
0.0225784
0.0225784
0.0225784
0.0225784
0.0229508
0.0229508
0.0229508
0.0229508
0.0236901
0.0236901
0.0242746
0.0242746
0.0242746
0.0242746
0.0242746
0.0242746
0.0242746
0.0249462
0.0249462
0.0250968
0.0250968
0.0251472
0.0251694
0.0256423
0.0256423
0.0256423
0.0262808
0.0262808
0.0262808
0.0262808
0.0262808
0.0262808
0.0262808
0.0262808
0.024301
0.0251766
0.0251766
0.0235331
0.0235331
0.0235331
0.0246518
0.0247014
0.0247014
0.0247014
0.0247014
0.0247014
0.0247014
0.0251978
0.0251978
0.0251978
0.0251978
0.0260134
0.0260134
0.0260134
0.0260134
0.0260134
0.0260134
0.025949
0.025949
0.025949
0.025949
0.025949
0.025949
0.0259698
0.0259698
0.0259698
0.0244114
0.0244114
0.0244114
0.0244114
0.0244372
0.0244372
0.0227856
0.0227856
0.0227856
0.0227856
0.0227856
0.0228141
0.0228141
0.0233923
0.0233923
0.0233923
0.0233923
0.0239972
0.0239972
0.0250516
0.0250516
0.0250516
0.0250516
0.0250516
0.0256831
0.0256831
0.0256831
0.0256831
0.0256831
0.0256831
0.0256831
0.0256831
0.0256831
0.0256831
0.0256831
0.0256831
0.0256831
0.024026
0.0223195
0.0228766
0.021225
0.0212342
0.0212342
0.0216497
0.0216497
0.0216497
0.0216497
0.0216497
0.0222627
0.0222627
0.0222627
0.0222627
0.0222627
0.0223148
0.0223148
0.0225504
0.0225504
0.0225504
0.0225504
0.0231075
0.0232971
0.0232971
0.0241125
0.0248811
0.0248811
0.0248811
0.0248811
0.0257658
0.0270487
0.0256046
0.0261829
0.0262087
0.0270487
0.0270487
0.0273372
0.0273372
0.0273372
0.0273372
0.0273372
0.0273372
0.0273372
0.0273372
0.0273372
0.0256323
0.0240023
0.0240023
0.0240023
0.0240023
0.0246192
0.0246192
0.0254398
0.0238785
0.0238785
0.0238785
0.0238785
0.0238785
0.0238785
0.0238785
0.0238785
0.0238785
0.0219226
0.0219226
0.0222058
0.0225396
0.022573
0.022573
0.022573
0.022573
0.022573
0.022573
0.0206497
0.0206497
0.0206497
0.0206497
0.0206497
0.0208714
0.0208714
0.0208714
0.0208714
0.0208714
0.0208714
0.0217114
0.0217114
0.0217114
0.0217114
0.0223126
0.0223126
0.0223126
0.0223126
0.0223126
0.0223126
0.0223126
0.0223126
0.0229876
0.0229876
0.0211552
0.0211552
0.0211552
0.0211552
0.0190745
0.0190745
0.0190745
0.0198288
0.0198288
0.020253
0.020253
0.020253
0.020253
0.0202169
0.0202169
0.0202169
0.0202391
0.0202391
0.0202391
0.0202391
0.0202391
0.0210808
0.0210808
0.0210808
0.022491
0.022491
0.022491
0.022491
0.022491
0.022491
0.022491
0.0223763
0.0223763
0.0223763
0.0223763
0.0223763
0.0223763
0.0223763
0.0223763
0.0223763
0.0223763
0.02333
0.02333
0.02333
0.02333
0.02333
0.0217196
0.0217196
0.0217196
0.0217196
0.0217196
0.0217196
0.0217196
0.0217196
0.0217196
0.0217196
0.0217196
0.0217196
0.0217196
0.0223038
0.0223038
0.0235557
0.0235557
0.0235841
0.0235841
0.0235743
0.0219576
0.0219576
0.0219576
0.022711
0.022711
0.022711
0.0225963
0.0225963
0.0225963
0.0228144
0.0228144
0.0228144
0.0228293
0.0229784
0.0229784
0.0229784
0.0229784
0.0213647
0.0213906
0.0213906
0.0213906
0.0213906
0.0216641
0.0218702
0.0218702
0.0218702
0.0218702
0.0218702
0.0218702
0.0218702
0.0218702
0.0218702
0.0218702
0.0218702
0.0234683
0.0234683
0.0234683
0.0234683
0.0243707
0.0227044
0.0227044
0.0227044
0.0227044
0.0227044
0.0227044
0.0227756
0.0227756
0.0227756
0.0227756
0.0227756
0.0211124
0.0213644
0.0213644
0.0213644
0.0213644
0.0213644
0.0213694
0.0213694
0.0213694
0.0213694
0.0213694
0.0213952
0.0213952
0.0213952
0.0213952
0.0195545
0.0195545
0.0195545
0.0195545
0.0209446
0.0209446
0.0209446
0.0209446
0.0209446
0.0209984
0.0209984
0.0209984
0.0209984
0.0209984
0.0209984
0.0209984
0.0209984
0.0210397
0.0212902
0.0212902
0.0212902
0.021567
0.021567
0.021567
0.021567
0.021567
0.021567
0.021567
0.021567
0.021567
0.021567
0.0198886
0.0198886
0.0198886
0.0198886
0.0198886
0.0198886
0.0198886
0.0198886
0.0198886
0.0203052
0.0203052
0.0203052
0.0210805
0.0210805
0.0210805
0.0192878
0.0192878
0.0192878
0.0192878
0.0192878
0.0192878
0.0192878
0.0192878
0.0192878
0.0192878
0.0192878
0.0192878
0.0192878
0.0192878
0.0192878
0.0193429
0.0193429
0.0193842
0.0193842
0.020282
0.020282
0.0211026
0.0211026
0.0211026
0.0191443
0.0191443
0.0191443
0.0191443
0.0191443
0.0201855
0.0201855
0.0201855
0.0201855
0.0201855
0.0203664
0.0203664
0.0203664
0.0203664
0.0203664
0.0203664
0.0204052
0.0215018
0.0215018
0.0215018
0.0215018
0.0215018
0.0215018
0.0215018
0.0220325
0.0220325
0.0220325
0.0220325
0.0220325
0.0220325
0.0220325
0.0220325
0.0220325
0.0220325
0.0220325
0.0225802
0.0225802
0.0225802
0.0225802
0.0225802
0.0225802
0.0235339
0.0235339
0.0235339
0.0246787
0.0246787
0.0246787
0.0246787
0.0246787
0.0248595
0.0234107
0.0234107
0.0234107
0.0234247
0.0215516
0.0215516
0.0215516
0.0215516
0.021606
0.0227255
0.0227255
0.0210697
0.02109
0.02109
0.02109
0.02109
0.02109
0.02109
0.0193194
0.0193194
0.0193194
0.0193194
0.0193194
0.0174228
0.0183143
0.018504
0.018504
0.018504
0.018504
0.018504
0.018504
0.018504
0.0185336
0.0192271
0.0192271
0.0192271
0.0192271
0.0192271
0.0192271
0.0199155
0.0199155
0.0199155
0.0199155
0.0199666
0.0208049
0.0215593
0.0198945
0.0198945
0.0198945
0.0198945
0.0180204
0.0180204
0.0180204
0.0180204
0.0180204
0.019078
0.019078
0.019078
0.019078
0.019078
0.019078
0.019078
0.019078
0.019078
0.019078
0.019078
0.019078
0.019078
0.0198008
0.0198008
0.0198008
0.0198008
0.0198008
0.0180112
0.0180112
0.0180112
0.0190758
0.0191209
0.0201875
0.0201875
0.0201875
0.0201875
0.0209054
0.0209054
0.0215223
0.0215223
0.0215223
0.0197468
0.0197468
0.0177961
0.0177961
0.0177961
0.0183878
0.0183878
0.0183878
0.0183878
0.0183878
0.0184467
0.0184467
