0
-0.0002
-0.0004
-0.0006
-0.0008
-0.001
-0.0012
-0.0014
-0.0016
-0.0018
-0.002
-0.0022
-0.0024
-0.0024
-0.0026
-0.0028
-0.003
-0.0032
-0.0034
-0.0036
-0.0038
-0.004
-0.0042
-0.0044
-0.0046
-0.0048
-0.005
-0.0052
-0.0054
-0.0056
-0.0056
-0.0058
-0.006
-0.0062
-0.0064
-0.0066
-0.0068
-0.0068
-0.007
-0.0072
-0.0074
-0.0076
-0.0078
-0.008
-0.0082
-0.0084
-0.0086
-0.0088
-0.009
-0.0092
-0.0094
-0.0094
-0.0096
-0.0098
-0.01
-0.0102
-0.0104
-0.0104
-0.0106
-0.0106
-0.0108
-0.011
-0.0112
-0.0114
-0.0116
-0.0118
-0.012
-0.0122
-0.0124
-0.0124
-0.0124
-0.0126
-0.0126
-0.0128
-0.013
-0.0132
-0.0134
-0.0136
-0.0138
-0.014
-0.0142
-0.0144
-0.0146
-0.0148
-0.015
-0.0152
-0.0154
-0.0156
-0.0158
-0.0158
-0.016
-0.0162
-0.0162
-0.0164
-0.0166
-0.0168
-0.017
-0.0172
-0.0174
-0.0174
-0.0176
-0.0178
-0.018
-0.0182
-0.0182
-0.0184
-0.0186
-0.0188
-0.019
-0.0192
-0.0194
-0.0194
-0.0196
-0.0198
-0.02
-0.0202
-0.0204
-0.0206
-0.0208
-0.021
-0.0212
-0.0212
-0.0214
-0.0214
-0.0214
-0.0216
-0.0218
-0.022
-0.0222
-0.0224
-0.0224
-0.0226
-0.0228
-0.023
-0.0232
-0.0232
-0.0232
-0.0234
-0.0232
-0.0232
-0.0234
-0.0236
-0.0238
-0.0238
-0.0238
-0.024
-0.024
-0.024
-0.0242
-0.0244
-0.0246
-0.0246
-0.0246
-0.0248
-0.025
-0.025
-0.0252
-0.0254
-0.0256
-0.0258
-0.026
-0.0262
-0.0262
-0.0264
-0.0264
-0.0266
-0.0268
-0.027
-0.0272
-0.0272
-0.0274
-0.0276
-0.0278
-0.028
-0.0282
-0.0284
-0.0286
-0.0288
-0.029
-0.0292
-0.0294
-0.0294
-0.0296
-0.0298
-0.03
-0.0302
-0.0304
-0.0306
-0.0308
-0.0308
-0.031
-0.0312
-0.0314
-0.0316
-0.0318
-0.0318
-0.032
-0.0322
-0.0324
-0.0326
-0.0328
-0.0328
-0.033
-0.033
-0.0332
-0.0334
-0.0332
-0.0334
-0.0336
-0.0338
-0.034
-0.0342
-0.0344
-0.0346
-0.0348
-0.035
-0.0352
-0.0354
-0.0356
-0.0358
-0.036
-0.036
-0.0362
-0.0364
-0.0366
-0.0368
-0.037
-0.0372
-0.0374
-0.0374
-0.0376
-0.0378
-0.0378
-0.0378
-0.0378
-0.038
-0.0382
-0.0383999
-0.0383999
-0.0385999
-0.0387999
-0.0389999
-0.0391999
-0.0391999
-0.0393999
-0.0395999
-0.0397999
-0.0399999
-0.0401999
-0.0403999
-0.0403999
-0.0405999
-0.0407999
-0.0409999
-0.0411999
-0.0413999
-0.0415999
-0.0417999
-0.0419999
-0.0421999
-0.0423999
-0.0425999
-0.0427999
-0.0429999
-0.0431999
-0.0431999
-0.0433999
-0.0435999
-0.0437999
-0.0439999
-0.0439999
-0.0441999
-0.0443999
-0.0445999
-0.0447999
-0.0449999
-0.0451999
-0.0453999
-0.0453999
-0.0455999
-0.0457999
-0.0459999
-0.0461999
-0.0463999
-0.0465999
-0.0467999
-0.0467999
-0.0469999
-0.0471999
-0.0471999
-0.0473999
-0.0473999
-0.0475999
-0.0477999
-0.0479999
-0.0477999
-0.0477999
-0.0479999
-0.0479999
-0.0481999
-0.0483999
-0.0483999
-0.0483999
-0.0485999
-0.0487999
-0.0489999
-0.0491999
-0.0493999
-0.0495999
-0.0495999
-0.0497999
-0.0499999
-0.0499999
-0.0501999
-0.0503999
-0.0505999
-0.0507999
-0.0509999
-0.0511999
-0.0513999
-0.0515999
-0.0517999
-0.0519999
-0.0521999
-0.0521999
-0.0523999
-0.0523999
-0.0523999
-0.0525999
-0.0527999
-0.0529999
-0.0531999
-0.0533999
-0.0535999
-0.0535999
-0.0537999
-0.0539999
-0.0541999
-0.0543999
-0.0545999
-0.0547999
-0.0549999
-0.0551999
-0.0553999
-0.0555999
-0.0557999
-0.0557999
-0.0559999
-0.0559999
-0.0561999
-0.0561999
-0.0563999
-0.0565999
-0.0565999
-0.0567999
-0.0569999
-0.0571999
-0.0573999
-0.0575999
-0.0575999
-0.0575999
-0.0577999
-0.0579999
-0.0581999
-0.0583999
-0.0585999
-0.0587999
-0.0589999
-0.0591999
-0.0593999
-0.0595999
-0.0597999
-0.0597999
-0.0599999
-0.0601999
-0.0601999
-0.0603999
-0.0603999
-0.0605999
-0.0607999
-0.0609999
-0.0611999
-0.0613999
-0.0615999
-0.0617999
-0.0619999
-0.0621999
-0.0623999
-0.0625999
-0.0625999
-0.0627999
-0.0629999
-0.0631999
-0.0631999
-0.0633999
-0.0633999
-0.0635999
-0.0637999
-0.0639999
-0.0641999
-0.0643999
-0.0645999
-0.0647999
-0.065
-0.0652
-0.0654
-0.0656
-0.0658
-0.066
-0.066
-0.0662
-0.0662
-0.0664
-0.0666
-0.0666
-0.0668
-0.067
-0.0672
-0.0674
-0.0676
-0.0678
-0.068
-0.0682
-0.0684
-0.0686
-0.0688
-0.069
-0.0692
-0.0694
-0.0696
-0.0698
-0.07
-0.0702
-0.0704
-0.0706
-0.0708001
-0.0710001
-0.0712001
-0.0714001
-0.0716001
-0.0718001
-0.0718001
-0.0718001
-0.0720001
-0.0722001
-0.0724001
-0.0726001
-0.0728001
-0.0730001
-0.0732001
-0.0734001
-0.0736001
-0.0738001
-0.0738001
-0.0740001
-0.0742001
-0.0742001
-0.0742001
-0.0744001
-0.0746001
-0.0748001
-0.0750001
-0.0752001
-0.0754001
-0.0754001
-0.0756001
-0.0756001
-0.0758001
-0.0760001
-0.0760001
-0.0762001
-0.0764001
-0.0766001
-0.0768002
-0.0768002
-0.0770002
-0.0772002
-0.0774002
-0.0776002
-0.0778002
-0.0780002
-0.0782002
-0.0784002
-0.0784002
-0.0786002
-0.0788002
-0.0790002
-0.0792002
-0.0794002
-0.0796002
-0.0798002
-0.0800002
-0.0802002
-0.0804002
-0.0806002
-0.0806002
-0.0808002
-0.0810002
-0.0808002
-0.0810002
-0.0810002
-0.0812002
-0.0814002
-0.0816002
-0.0816002
-0.0818002
-0.0820002
-0.0820002
-0.0818002
-0.0816002
-0.0818002
-0.0820002
-0.0822002
-0.0824002
-0.0824002
-0.0826003
-0.0828003
-0.0830003
-0.0830003
-0.0832003
-0.0834003
-0.0834003
-0.0836003
-0.0836003
-0.0838003
-0.0840003
-0.0842003
-0.0844003
-0.0844003
-0.0846003
-0.0848003
-0.0850003
-0.0852003
-0.0854003
-0.0856003
-0.0856003
-0.0858003
-0.0860003
-0.0862003
-0.0864003
-0.0866003
-0.0868003
-0.0870003
-0.0872003
-0.0872003
-0.0874003
-0.0876003
-0.0878003
-0.0880003
-0.0882003
-0.0882003
-0.0884003
-0.0886004
-0.0888004
-0.0890004
-0.0892004
-0.0894004
-0.0896004
-0.0898004
-0.0900004
-0.0902004
-0.0904004
-0.0906004
-0.0908004
-0.0910004
-0.0912004
-0.0914004
-0.0916004
-0.0918004
-0.0918004
-0.0920004
-0.0922004
-0.0924004
-0.0926004
-0.0928004
-0.0930004
-0.0932004
-0.0934004
-0.0936004
-0.0938004
-0.0940004
-0.0942004
-0.0944005
-0.0944005
-0.0946005
-0.0948005
-0.0948005
-0.0950005
-0.0952005
-0.0954005
-0.0956005
-0.0958005
-0.0958005
-0.0958005
-0.0960005
-0.0962005
-0.0964005
-0.0966005
-0.0966005
-0.0964005
-0.0962005
-0.0964005
-0.0966005
-0.0968005
-0.0970005
-0.0972005
-0.0972005
-0.0974005
-0.0972005
-0.0974005
-0.0976005
-0.0978005
-0.0980005
-0.0982005
-0.0980005
-0.0982005
-0.0984005
-0.0986005
-0.0988005
-0.0990005
-0.0992005
-0.0994005
-0.0996005
-0.0996005
-0.0996005
-0.0998005
-0.100001
-0.100201
-0.100201
-0.100401
-0.100601
-0.100801
-0.101001
-0.101201
-0.101401
-0.101601
-0.101401
-0.101601
-0.101601
-0.101601
-0.101601
-0.101601
-0.101801
-0.102001
-0.102201
-0.102401
-0.102601
-0.102801
-0.103001
-0.103201
-0.103401
-0.103401
-0.103601
-0.103801
-0.104001
-0.104201
-0.104401
-0.104201
-0.104401
-0.104601
-0.104801
-0.105001
-0.105201
-0.105401
-0.105601
-0.105801
-0.105801
-0.106001
-0.106201
-0.106401
-0.106201
-0.106401
-0.106401
-0.106601
-0.106801
-0.107001
-0.107201
-0.107401
-0.107601
-0.107801
-0.108001
-0.108201
-0.108401
-0.108401
-0.108601
-0.108801
-0.108801
-0.108801
-0.109001
-0.109201
-0.109401
-0.109601
-0.109801
-0.110001
-0.110201
-0.110401
-0.110601
-0.110801
-0.111001
-0.111201
-0.111201
-0.111001
-0.111201
-0.111401
-0.111401
-0.111601
-0.111801
-0.112001
-0.111801
-0.111801
-0.112001
-0.112201
-0.112401
-0.112601
-0.112601
-0.112801
-0.113001
-0.113201
-0.113201
-0.113401
-0.113601
-0.113801
-0.114001
-0.114201
-0.114201
-0.114201
-0.114401
-0.114601
-0.114801
-0.115001
-0.115201
-0.115401
-0.115601
-0.115601
-0.115801
-0.116001
-0.116201
-0.116401
-0.116601
-0.116801
-0.117001
-0.117001
-0.117201
-0.117401
-0.117601
-0.117601
-0.117601
-0.117801
-0.118001
-0.118201
-0.118401
-0.118601
-0.118801
-0.119001
-0.119201
-0.119201
-0.119401
-0.119601
-0.119801
-0.120001
-0.120201
-0.120001
-0.120201
-0.120401
-0.120601
-0.120601
-0.120801
-0.120801
-0.121001
-0.121201
-0.121401
-0.121401
-0.121601
-0.121801
-0.122001
-0.122201
-0.122401
-0.122601
-0.122801
-0.123001
-0.123201
-0.123401
-0.123601
-0.123801
-0.124001
-0.124201
-0.124401
-0.124601
-0.124601
-0.124801
-0.125001
-0.125201
-0.125201
-0.125401
-0.125601
-0.125801
-0.126001
-0.126201
-0.126401
-0.126601
-0.126801
-0.126801
-0.126801
-0.127001
-0.127001
-0.127201
-0.127001
-0.126801
-0.127001
-0.127201
-0.127401
-0.127601
-0.127801
-0.128001
-0.128001
-0.128201
-0.128401
-0.128601
-0.128801
-0.129001
-0.129201
-0.129401
-0.129601
-0.129801
-0.130001
-0.130201
-0.130401
-0.130601
-0.130801
-0.131001
-0.131201
-0.131201
-0.131401
-0.131601
-0.131801
-0.132001
-0.132001
-0.132201
-0.132401
-0.132601
-0.132601
-0.132801
-0.133001
-0.133201
-0.133401
-0.133601
-0.133801
-0.134001
-0.134201
-0.134401
-0.134601
-0.134801
-0.134801
-0.135001
-0.135201
-0.135001
-0.135201
-0.135201
-0.135001
-0.135201
-0.135201
-0.135401
-0.135601
-0.135801
-0.135801
-0.136001
-0.136201
-0.136401
-0.136601
-0.136801
-0.137001
-0.137201
-0.137001
-0.137201
-0.137401
-0.137601
-0.137801
-0.138001
-0.138201
-0.138401
-0.138401
-0.138601
-0.138801
-0.139001
-0.139201
-0.139401
-0.139601
-0.139801
-0.140001
-0.140201
-0.140401
-0.140601
-0.140801
-0.141001
-0.141201
-0.141401
-0.141601
-0.141801
-0.142001
-0.142201
-0.142401
-0.142601
-0.142801
-0.142801
-0.143001
-0.143001
-0.143201
-0.143401
-0.143601
-0.143801
-0.144001
-0.144201
-0.144401
-0.144401
-0.144201
-0.144401
-0.144601
-0.144801
-0.144601
-0.144801
-0.145001
-0.145201
-0.145401
-0.145601
-0.145801
-0.146001
-0.146201
-0.146401
-0.146601
-0.146801
-0.147001
-0.147201
-0.147401
-0.147601
-0.147801
-0.148001
-0.148201
-0.148401
-0.148401
-0.148601
-0.148801
-0.149001
-0.149201
-0.149401
-0.149601
-0.149801
-0.149801
-0.149801
-0.149801
-0.150001
-0.150201
-0.150401
-0.150201
-0.150401
-0.150601
-0.150801
-0.151001
-0.151201
-0.151401
-0.151601
-0.151801
-0.152001
-0.152201
-0.152401
-0.152601
-0.152601
-0.152801
-0.153001
-0.153201
-0.153201
-0.153001
-0.153201
-0.153401
-0.153601
-0.153801
-0.154001
-0.154201
-0.154401
-0.154601
-0.154801
-0.154801
-0.155001
-0.155201
-0.155401
-0.155601
-0.155801
-0.156001
-0.156001
-0.156201
-0.156402
-0.156602
-0.156802
-0.157002
-0.157202
-0.157402
-0.157602
-0.157802
-0.158002
-0.157802
-0.157802
-0.158002
-0.158002
-0.158202
-0.158002
-0.158002
-0.158202
-0.158402
-0.158602
-0.158602
-0.158802
-0.158802
-0.159002
-0.159202
-0.159402
-0.159602
-0.159802
-0.160002
-0.160202
-0.160402
-0.160202
-0.160202
-0.160402
-0.160602
-0.160802
-0.161002
-0.161202
-0.161402
-0.161602
-0.161802
-0.161802
-0.162002
-0.162202
-0.162402
-0.162602
-0.162802
-0.163002
-0.163202
-0.163402
-0.163602
-0.163802
-0.163802
-0.163802
-0.164002
-0.164202
-0.164402
-0.164602
-0.164402
-0.164602
-0.164802
-0.165002
-0.165202
-0.165402
-0.165402
-0.165602
-0.165802
-0.166002
-0.166202
-0.166202
-0.166402
-0.166602
-0.166802
-0.167002
-0.167202
-0.167202
-0.167402
-0.167602
-0.167802
-0.168002
-0.168202
-0.168202
-0.168402
-0.168402
-0.168402
-0.168602
-0.168802
-0.169002
-0.169202
-0.169402
-0.169602
-0.169402
-0.169602
-0.169602
-0.169802
-0.170002
-0.169802
-0.170002
-0.170202
-0.170402
-0.170602
-0.170802
-0.171002
-0.171202
-0.171402
-0.171602
-0.171802
-0.172002
-0.172202
-0.172402
-0.172602
-0.172802
-0.172602
-0.172802
-0.173002
-0.173202
-0.173402
-0.173402
-0.173602
-0.173802
-0.174002
-0.174202
-0.174402
-0.174602
-0.174802
-0.175002
-0.175202
-0.175402
-0.175602
-0.175402
-0.175602
-0.175802
-0.175602
-0.175402
-0.175402
-0.175602
-0.175602
-0.175602
-0.175802
-0.175802
-0.176002
-0.175802
-0.176002
-0.176202
-0.176402
-0.176402
-0.176602
-0.176802
-0.176802
-0.177002
-0.177202
-0.177402
-0.177602
-0.177802
-0.178002
-0.178202
-0.178402
-0.178602
-0.178802
-0.178802
-0.179002
-0.179202
-0.179202
-0.179402
-0.179602
-0.179802
-0.180002
-0.179802
-0.180002
-0.180002
-0.180202
-0.180402
-0.180602
-0.180402
-0.180602
-0.180802
-0.180802
-0.181002
-0.181202
-0.181402
-0.181202
-0.181202
-0.181002
-0.181202
-0.181402
-0.181602
-0.181802
-0.182002
-0.182002
-0.182202
-0.182402
-0.182602
-0.182802
-0.183002
-0.183202
-0.183402
-0.183402
-0.183602
-0.183802
-0.184002
-0.184202
-0.184202
-0.184402
-0.184602
-0.184802
-0.185002
-0.184802
-0.185002
-0.185202
-0.185002
-0.185202
-0.185202
-0.185402
-0.185602
-0.185802
-0.185802
-0.186002
-0.186202
-0.186402
-0.186602
-0.186802
-0.187002
-0.187202
-0.187402
-0.187402
-0.187602
-0.187802
-0.188002
-0.188202
-0.188402
-0.188602
-0.188602
-0.188602
-0.188802
-0.188802
-0.189002
-0.189202
-0.189402
-0.189602
-0.189802
-0.190002
-0.190202
-0.190402
-0.190402
-0.190602
-0.190602
-0.190802
-0.190802
-0.191002
-0.191202
-0.191202
-0.191002
-0.191202
-0.191402
-0.191602
-0.191802
-0.192002
-0.192202
-0.192202
-0.192202
-0.192402
-0.192602
-0.192802
-0.193002
-0.193202
-0.193202
-0.193402
-0.193602
-0.193602
-0.193802
-0.193802
-0.194002
-0.194202
-0.194402
-0.194602
-0.194602
-0.194602
-0.194602
-0.194802
-0.194802
-0.195002
-0.195202
-0.195402
-0.195402
-0.195402
-0.195402
-0.195602
-0.195602
-0.195602
-0.195802
-0.195802
-0.196002
-0.196002
-0.196202
-0.196402
-0.196202
-0.196202
-0.196402
-0.196602
-0.196602
-0.196802
-0.197002
-0.197002
-0.197002
-0.196802
-0.196802
-0.196802
-0.197002
-0.197002
-0.197002
-0.196802
-0.196802
-0.197002
-0.197002
-0.197002
-0.197002
-0.196802
-0.196802
-0.196802
-0.196802
-0.196602
-0.196802
-0.197002
-0.196802
-0.196602
-0.196602
-0.196602
-0.196402
-0.196402
-0.196402
-0.196402
-0.196202
-0.196202
-0.196202
-0.196002
-0.196002
-0.196002
-0.196002
-0.195802
-0.195602
-0.195602
-0.195602
-0.195602
-0.195602
-0.195602
-0.195602
-0.195602
-0.195802
-0.195802
-0.195802
-0.195802
-0.195802
-0.195802
-0.195802
-0.195602
-0.195602
-0.195602
-0.195402
-0.195402
-0.195402
-0.195402
-0.195402
-0.195602
-0.195602
-0.195602
-0.195602
-0.195602
-0.195602
-0.195802
-0.195802
-0.195802
-0.195802
-0.195802
-0.195802
-0.195802
-0.195602
-0.195602
-0.195402
-0.195402
-0.195202
-0.195002
-0.195002
-0.195002
-0.195002
-0.195002
-0.195002
-0.195002
-0.195002
-0.195002
-0.195002
-0.194802
-0.194802
-0.194602
-0.194602
-0.194402
-0.194402
-0.194202
-0.194202
-0.194202
-0.194002
-0.194202
-0.194002
-0.194002
-0.194002
-0.194002
-0.194002
-0.194002
-0.194002
-0.194002
-0.194202
-0.194002
-0.194002
-0.194002
-0.194002
-0.194002
-0.194002
-0.194002
-0.194002
-0.194002
-0.193802
-0.193802
-0.193802
-0.193802
-0.193802
-0.193802
-0.193802
-0.193802
-0.193802
-0.193802
-0.193802
-0.193602
-0.193402
-0.193202
-0.193202
-0.193202
-0.193202
-0.193202
-0.193202
-0.193202
-0.193202
-0.193202
-0.193202
-0.193202
-0.193002
-0.193002
-0.193002
-0.193002
-0.193002
-0.193002
-0.193002
-0.193002
-0.193002
-0.193002
-0.193002
-0.193002
-0.193002
-0.193002
-0.193002
-0.192802
-0.192802
-0.192802
-0.192602
-0.192402
-0.192402
-0.192602
-0.192602
-0.192602
-0.192602
-0.192602
-0.192602
-0.192402
-0.192202
-0.192202
-0.192202
-0.192002
-0.192002
-0.191802
-0.191802
-0.191802
-0.191802
-0.191602
-0.191602
-0.191602
-0.191602
-0.191602
-0.191602
-0.191602
-0.191602
-0.191602
-0.191602
-0.191602
-0.191602
-0.191602
-0.191602
-0.191602
-0.191602
-0.191602
-0.191602
-0.191602
-0.191602
-0.191602
-0.191602
-0.191402
-0.191402
-0.191402
-0.191402
-0.191202
-0.191202
-0.191002
-0.191002
-0.191002
-0.191002
-0.191002
-0.191002
-0.191002
-0.190802
-0.190802
-0.190602
-0.190602
-0.190402
-0.190202
-0.190002
-0.190002
-0.190002
-0.189802
-0.189802
-0.189802
-0.189802
-0.189802
-0.189802
-0.189802
-0.189802
-0.190002
-0.189802
-0.189802
-0.190002
-0.190002
-0.190002
-0.189802
-0.189602
-0.189602
-0.189602
-0.189602
-0.189602
-0.189602
-0.189402
-0.189402
-0.189402
-0.189402
-0.189202
-0.189202
-0.189202
-0.189202
-0.189202
-0.189202
-0.189002
-0.189002
-0.189002
-0.189002
-0.189002
-0.189002
-0.188802
-0.188802
-0.188802
-0.189002
-0.189002
-0.189002
-0.189002
-0.188802
-0.188802
-0.188802
-0.188802
-0.188802
-0.188802
-0.188802
-0.188602
-0.188602
-0.188402
-0.188402
-0.188402
-0.188402
-0.188202
-0.188202
-0.188002
-0.188002
-0.188002
-0.188002
-0.188002
-0.187802
-0.187802
-0.187802
-0.187802
-0.187802
-0.187802
-0.187802
-0.187802
-0.187802
-0.187802
-0.187802
-0.187802
-0.187802
-0.188002
-0.188202
-0.188002
-0.188002
-0.187802
-0.187802
-0.187602
-0.187602
-0.187602
-0.187602
-0.187602
-0.187402
-0.187402
-0.187402
-0.187402
-0.187402
-0.187202
-0.187202
-0.187002
-0.187002
-0.187002
-0.187002
-0.186802
-0.186602
-0.186602
-0.186402
-0.186202
-0.186202
-0.186202
-0.186202
-0.186002
-0.185802
-0.185802
-0.185602
-0.185402
-0.185202
-0.185202
-0.185002
-0.185002
-0.185002
-0.185002
-0.185002
-0.185002
-0.185002
-0.185002
-0.185002
-0.185202
-0.185402
-0.185402
-0.185402
-0.185402
-0.185202
-0.185202
-0.185002
-0.185202
-0.185202
-0.185202
-0.185202
-0.185202
-0.185202
-0.185202
-0.185202
-0.185202
-0.185402
-0.185402
-0.185202
-0.185002
-0.184802
-0.184802
-0.184802
-0.184802
-0.184802
-0.184802
-0.185002
-0.185002
-0.185002
-0.185002
-0.185002
-0.184802
-0.184802
-0.184802
-0.184802
-0.184802
-0.184802
-0.184602
-0.184602
-0.184602
-0.184602
-0.184402
-0.184402
-0.184402
-0.184402
-0.184402
-0.184402
-0.184402
-0.184402
-0.184202
-0.184202
-0.184402
-0.184402
-0.184402
-0.184402
-0.184602
-0.184602
-0.184602
-0.184402
-0.184402
-0.184202
-0.184202
-0.184202
-0.184202
-0.184002
-0.184002
-0.184002
-0.183802
-0.183802
-0.183802
-0.183802
-0.183802
-0.183602
-0.183602
-0.183602
-0.183402
-0.183402
-0.183402
-0.183402
-0.183402
-0.183402
-0.183402
-0.183202
-0.183202
-0.183202
-0.183202
-0.183202
-0.183202
-0.183202
-0.183202
-0.183202
-0.183202
-0.183002
-0.183002
-0.183002
-0.183002
-0.183002
-0.183002
-0.183002
-0.183002
-0.183002
-0.183002
-0.183002
-0.183002
-0.183002
-0.183002
-0.183002
-0.183002
-0.183002
-0.183002
-0.182802
-0.182802
-0.182602
-0.182602
-0.182402
-0.182402
-0.182202
-0.182202
-0.182202
-0.182202
-0.182002
-0.182002
-0.182002
-0.181802
-0.181802
-0.181802
-0.181602
-0.181602
-0.181602
-0.181402
-0.181202
-0.181202
-0.181202
-0.181202
-0.181202
-0.181002
-0.181002
-0.181002
-0.181002
-0.180802
-0.180602
-0.180602
-0.180602
-0.180602
-0.180602
-0.180602
-0.180602
-0.180602
-0.180602
-0.180602
-0.180602
-0.180602
-0.180602
-0.180602
-0.180602
-0.180402
-0.180602
-0.180602
-0.180602
-0.180602
-0.180602
-0.180602
-0.180402
-0.180402
-0.180402
-0.180402
-0.180402
-0.180402
-0.180202
-0.180202
-0.180202
-0.180202
-0.180202
-0.180002
-0.180002
-0.180002
-0.180002
-0.180002
-0.179802
-0.179802
-0.179802
-0.179802
-0.180002
-0.180002
-0.180002
-0.180002
-0.179802
-0.179802
-0.179802
-0.179802
-0.179802
-0.179602
-0.179602
-0.179602
-0.179602
-0.179602
-0.179602
-0.179602
-0.179602
-0.179402
-0.179202
-0.179202
-0.179202
-0.179002
-0.179002
-0.179002
-0.179002
-0.179002
-0.179002
-0.179002
-0.179002
-0.179002
-0.179002
-0.179002
-0.179002
-0.179002
-0.179002
-0.179002
-0.179002
-0.179002
-0.179002
-0.179002
-0.178802
-0.178802
-0.178802
-0.178602
-0.178602
-0.178602
-0.178602
-0.178602
-0.178602
-0.178602
-0.178602
-0.178602
-0.178602
-0.178602
-0.178602
-0.178602
-0.178602
-0.178602
-0.178602
-0.178602
-0.178602
-0.178402
-0.178402
-0.178202
-0.178202
-0.178002
-0.178002
-0.177802
-0.177802
-0.177802
-0.178002
-0.178002
-0.178002
-0.178002
-0.178002
-0.177802
-0.177802
-0.177802
-0.177802
-0.177802
-0.177602
-0.177602
-0.177602
-0.177602
-0.177602
-0.177602
-0.177402
-0.177202
-0.177202
-0.177202
-0.177202
-0.177202
-0.177202
-0.177202
-0.177002
-0.177002
-0.177002
-0.177002
-0.177002
-0.177002
-0.177002
-0.177002
-0.177002
-0.177002
-0.177002
-0.176802
-0.176802
-0.176802
-0.176802
-0.176802
-0.176802
-0.176602
-0.176602
-0.176602
-0.176402
-0.176402
-0.176402
-0.176402
-0.176402
-0.176202
-0.176202
-0.176202
-0.176202
-0.176002
-0.176202
-0.176202
-0.176202
-0.176202
-0.176002
-0.175802
-0.175802
-0.175802
-0.175602
-0.175602
-0.175602
-0.175602
-0.175602
-0.175602
-0.175602
-0.175602
-0.175602
-0.175602
-0.175602
-0.175602
-0.175402
-0.175202
-0.175202
-0.175202
-0.175202
-0.175202
-0.175202
-0.175202
-0.175002
-0.174802
-0.174802
-0.174802
-0.174802
-0.174802
-0.174802
-0.174602
-0.174602
-0.174602
-0.174602
-0.174402
-0.174202
-0.174002
-0.174002
-0.174002
-0.174002
-0.174002
-0.174002
-0.174002
-0.174002
-0.174002
-0.174002
-0.173802
-0.173802
-0.173802
-0.173802
-0.173802
-0.173802
-0.173802
-0.173802
-0.173802
-0.173802
-0.173802
-0.173802
-0.173802
-0.173602
-0.173602
-0.173602
-0.173602
-0.173602
-0.173602
-0.173602
-0.173602
-0.173402
-0.173202
-0.173002
-0.173002
-0.173002
-0.173002
-0.172802
-0.172802
-0.172602
-0.172602
-0.172602
-0.172802
-0.172802
-0.173002
-0.173002
-0.173002
-0.172802
-0.172802
-0.172802
-0.172802
-0.172802
-0.172602
-0.172602
